INSERT INTO student_lesson (student_id,lesson_id)
VALUES
(1,1),
(2,2),
(3,3),
(4,4),
(5,5),
(6,6),
(7,7),
(8,8),
(9,9),
(10,10),
(11,11),
(12,12),
(13,13),
(14,14),
(15,15),
(16,16),
(17,17),
(18,18),
(19,19),
(20,20),
(21,21),
(22,22),
(23,23),
(24,24),
(25,25),
(1,26),
(2,27),
(3,28),
(4,29),
(5,30),
(6,31),
(7,32),
(8,33),
(9,34),
(10,35),
(11,36),
(12,37),
(13,38),
(14,39),
(15,40),
(16,41),
(17,42),
(18,43),
(19,44),
(20,45),
(21,46),
(22,47),
(23,48),
(24,49),
(25,50),
(1,51),
(2,52),
(3,53),
(4,54),
(5,55),
(6,56),
(7,57),
(8,58),
(9,59),
(10,60),
(11,61),
(12,62),
(13,63),
(14,64),
(15,65),
(16,66),
(17,67),
(18,68),
(19,69),
(20,70),
(21,71),
(22,72),
(23,73),
(24,74),
(25,75),
(1,76),
(2,77),
(3,78),
(4,79),
(5,80),
(6,81),
(7,82),
(8,83),
(9,84),
(10,85),
(11,86),
(12,87),
(13,88),
(14,89),
(15,90),
(16,91),
(17,92),
(18,93),
(19,94),
(20,95),
(21,96),
(22,97),
(23,98),
(24,99),
(25,100),
(1,101),
(2,102),
(3,103),
(4,104),
(5,105),
(6,106),
(7,107),
(8,108),
(9,109),
(10,110),
(11,111),
(12,112),
(13,113),
(14,114),
(15,115),
(16,116),
(17,117),
(18,118),
(19,119),
(20,120),
(21,121),
(22,122),
(23,123),
(24,124),
(25,125),
(1,126),
(2,127),
(3,128),
(4,129),
(5,130),
(6,131),
(7,132),
(8,133),
(9,134),
(10,135),
(11,136),
(12,137),
(13,138),
(14,139),
(15,140),
(16,141),
(17,142),
(18,143),
(19,144),
(20,145),
(21,146),
(22,147),
(23,148),
(24,149),
(25,150),
(1,151),
(2,152),
(3,153),
(4,154),
(5,155),
(6,156),
(7,157),
(8,158),
(9,159),
(10,160),
(11,161),
(12,162),
(13,163),
(14,164),
(15,165),
(16,166),
(17,167),
(18,168),
(19,169),
(20,170),
(21,171),
(22,172),
(23,173),
(24,174),
(25,175),
(1,176),
(2,177),
(3,178),
(4,179),
(5,180),
(6,181),
(7,182),
(8,183),
(9,184),
(10,185),
(11,186),
(12,187),
(13,188),
(14,189),
(15,190),
(16,191),
(17,192),
(18,193),
(19,194),
(20,195),
(21,196),
(22,197),
(23,198),
(24,199),
(25,200),
(1,201),
(2,202),
(3,203),
(4,204),
(5,205),
(6,206),
(7,207),
(8,208),
(9,209),
(10,210),
(11,211),
(12,212),
(13,213),
(14,214),
(15,215),
(16,216),
(17,217),
(18,218),
(19,219),
(20,220),
(21,221),
(22,222),
(23,223),
(24,224),
(25,225),
(1,226),
(2,227),
(3,228),
(4,229),
(5,230),
(6,231),
(7,232),
(8,233),
(9,234),
(10,235),
(11,236),
(12,237),
(13,238),
(14,239),
(15,240),
(16,241),
(17,242),
(18,243),
(19,244),
(20,245),
(21,246),
(22,247),
(23,248),
(24,249),
(25,250),
(1,251),
(2,252),
(3,253),
(4,254),
(5,255),
(6,256),
(7,257),
(8,258),
(9,259),
(10,260),
(11,261),
(12,262),
(13,263),
(14,264),
(15,265),
(16,266),
(17,267),
(18,268),
(19,269),
(20,270),
(21,271),
(22,272),
(23,273),
(24,274),
(25,275),
(1,276),
(2,277),
(3,278),
(4,279),
(5,280),
(6,281),
(7,282),
(8,283),
(9,284),
(10,285),
(11,286),
(12,287),
(13,288),
(14,289),
(15,290),
(16,291),
(17,292),
(18,293),
(19,294),
(20,295),
(21,296),
(22,297),
(23,298),
(24,299),
(25,300),
(1,301),
(2,302),
(3,303),
(4,304),
(5,305),
(6,306),
(7,307),
(8,308),
(9,309),
(10,310),
(11,311),
(12,312),
(13,313),
(14,314),
(15,315),
(16,316),
(17,317),
(18,318),
(19,319),
(20,320),
(21,321),
(22,322),
(23,323),
(24,324),
(25,325),
(1,326),
(2,327),
(3,328),
(4,329),
(5,330),
(6,331),
(7,332),
(8,333),
(9,334),
(10,335),
(11,336),
(12,337),
(13,338),
(14,339),
(15,340),
(16,341),
(17,342),
(18,343),
(19,344),
(20,345),
(21,346),
(22,347),
(23,348),
(24,349),
(25,350),
(1,351),
(2,352),
(3,353),
(4,354),
(5,355),
(6,356),
(7,357),
(8,358),
(9,359),
(10,360),
(11,361),
(12,362),
(13,363),
(14,364),
(15,365),
(16,366),
(17,367),
(18,368),
(19,369),
(20,370),
(21,371),
(22,372),
(23,373),
(24,374),
(25,375),
(1,376),
(2,377),
(3,378),
(4,379),
(5,380),
(6,381),
(7,382),
(8,383),
(9,384),
(10,385),
(11,386),
(12,387),
(13,388),
(14,389),
(15,390),
(16,391),
(17,392),
(18,393),
(19,394),
(20,395),
(21,396),
(22,397),
(23,398),
(24,399),
(25,400),
(1,401),
(2,402),
(3,403),
(4,404),
(5,405),
(6,406),
(7,407),
(8,408),
(9,409),
(10,410),
(11,411),
(12,412),
(13,413),
(14,414),
(15,415),
(16,416),
(17,417),
(18,418),
(19,419),
(20,420),
(21,421),
(22,422),
(23,423),
(24,424),
(25,425),
(1,426),
(2,427),
(3,428),
(4,429),
(5,430),
(6,431),
(7,432),
(8,433),
(9,434),
(10,435),
(11,436),
(12,437),
(13,438),
(14,439),
(15,440),
(16,441),
(17,442),
(18,443),
(19,444),
(20,445),
(21,446),
(22,447),
(23,448),
(24,449),
(25,450),
(1,451),
(2,452),
(3,453),
(4,454),
(5,455),
(6,456),
(7,457),
(8,458),
(9,459),
(10,460),
(11,461),
(12,462),
(13,463),
(14,464),
(15,465),
(16,466),
(17,467),
(18,468),
(19,469),
(20,470),
(21,471),
(22,472),
(23,473),
(24,474),
(25,475),
(1,476),
(2,477),
(3,478),
(4,479),
(5,480),
(6,481),
(7,482),
(8,483),
(9,484),
(10,485),
(11,486),
(12,487),
(13,488),
(14,489),
(15,490),
(16,491),
(17,492),
(18,493),
(19,494),
(20,495),
(21,496),
(22,497),
(23,498),
(24,499),
(25,500),
(1,501),
(2,502),
(3,503),
(4,504),
(5,505),
(6,506),
(7,507),
(8,508),
(9,509),
(10,510),
(11,511),
(12,512),
(13,513),
(14,514),
(15,515),
(16,516),
(17,517),
(18,518),
(19,519),
(20,520),
(21,521),
(22,522),
(23,523),
(24,524),
(25,525),
(1,526),
(2,527),
(3,528),
(4,529),
(5,530),
(6,531),
(7,532),
(8,533),
(9,534),
(10,535),
(11,536),
(12,537),
(13,538),
(14,539),
(15,540),
(16,541),
(17,542),
(18,543),
(19,544),
(20,545),
(21,546),
(22,547),
(23,548),
(24,549),
(25,550),
(1,2),
(2,3),
(3,4),
(4,5),
(5,6),
(6,7),
(7,8),
(8,9),
(9,10),
(10,11),
(11,12),
(12,13),
(13,14),
(14,15),
(15,16),
(16,17),
(17,18),
(18,19),
(19,20),
(20,21),
(21,22),
(22,23),
(23,24),
(24,25),
(25,26),
(1,27),
(2,28),
(3,29),
(4,30),
(5,31),
(6,32),
(7,33),
(8,34),
(9,35),
(10,36),
(11,37),
(12,38),
(13,39),
(14,40),
(15,41),
(16,42),
(17,43),
(18,44),
(19,45),
(20,46),
(21,47),
(22,48),
(23,49),
(24,50),
(25,51),
(1,52),
(2,53),
(3,54),
(4,55),
(5,56),
(6,57),
(7,58),
(8,59),
(9,60),
(10,61),
(11,62),
(12,63),
(13,64),
(14,65),
(15,66),
(16,67),
(17,68),
(18,69),
(19,70),
(20,71),
(21,72),
(22,73),
(23,74),
(24,75),
(25,76),
(1,77),
(2,78),
(3,79),
(4,80),
(5,81),
(6,82),
(7,83),
(8,84),
(9,85),
(10,86),
(11,87),
(12,88),
(13,89),
(14,90),
(15,91),
(16,92),
(17,93),
(18,94),
(19,95),
(20,96),
(21,97),
(22,98),
(23,99),
(24,100),
(25,101),
(1,102),
(2,103),
(3,104),
(4,105),
(5,106),
(6,107),
(7,108),
(8,109),
(9,110),
(10,111),
(11,112),
(12,113),
(13,114),
(14,115),
(15,116),
(16,117),
(17,118),
(18,119),
(19,120),
(20,121),
(21,122),
(22,123),
(23,124),
(24,125),
(25,126),
(1,127),
(2,128),
(3,129),
(4,130),
(5,131),
(6,132),
(7,133),
(8,134),
(9,135),
(10,136),
(11,137),
(12,138),
(13,139),
(14,140),
(15,141),
(16,142),
(17,143),
(18,144),
(19,145),
(20,146),
(21,147),
(22,148),
(23,149),
(24,150),
(25,151),
(1,152),
(2,153),
(3,154),
(4,155),
(5,156),
(6,157),
(7,158),
(8,159),
(9,160),
(10,161),
(11,162),
(12,163),
(13,164),
(14,165),
(15,166),
(16,167),
(17,168),
(18,169),
(19,170),
(20,171),
(21,172),
(22,173),
(23,174),
(24,175),
(25,176),
(1,177),
(2,178),
(3,179),
(4,180),
(5,181),
(6,182),
(7,183),
(8,184),
(9,185),
(10,186),
(11,187),
(12,188),
(13,189),
(14,190),
(15,191),
(16,192),
(17,193),
(18,194),
(19,195),
(20,196),
(21,197),
(22,198),
(23,199),
(24,200),
(25,201),
(1,202),
(2,203),
(3,204),
(4,205),
(5,206),
(6,207),
(7,208),
(8,209),
(9,210),
(10,211),
(11,212),
(12,213),
(13,214),
(14,215),
(15,216),
(16,217),
(17,218),
(18,219),
(19,220),
(20,221),
(21,222),
(22,223),
(23,224),
(24,225),
(25,226),
(1,227),
(2,228),
(3,229),
(4,230),
(5,231),
(6,232),
(7,233),
(8,234),
(9,235),
(10,236),
(11,237),
(12,238),
(13,239),
(14,240),
(15,241),
(16,242),
(17,243),
(18,244),
(19,245),
(20,246),
(21,247),
(22,248),
(23,249),
(24,250),
(25,251),
(1,252),
(2,253),
(3,254),
(4,255),
(5,256),
(6,257),
(7,258),
(8,259),
(9,260),
(10,261),
(11,262),
(12,263),
(13,264),
(14,265),
(15,266),
(16,267),
(17,268),
(18,269),
(19,270),
(20,271),
(21,272),
(22,273),
(23,274),
(24,275),
(25,276),
(1,277),
(2,278),
(3,279),
(4,280),
(5,281),
(6,282),
(7,283),
(8,284),
(9,285),
(10,286),
(11,287),
(12,288),
(13,289),
(14,290),
(15,291),
(16,292),
(17,293),
(18,294),
(19,295),
(20,296),
(21,297),
(22,298),
(23,299),
(24,300),
(25,301),
(1,302),
(2,303),
(3,304),
(4,305),
(5,306),
(6,307),
(7,308),
(8,309),
(9,310),
(10,311),
(11,312),
(12,313),
(13,314),
(14,315),
(15,316),
(16,317),
(17,318),
(18,319),
(19,320),
(20,321),
(21,322),
(22,323),
(23,324),
(24,325),
(25,326),
(1,327),
(2,328),
(3,329),
(4,330),
(5,331),
(6,332),
(7,333),
(8,334),
(9,335),
(10,336),
(11,337),
(12,338),
(13,339),
(14,340),
(15,341),
(16,342),
(17,343),
(18,344),
(19,345),
(20,346),
(21,347),
(22,348),
(23,349),
(24,350),
(25,351),
(1,352),
(2,353),
(3,354),
(4,355),
(5,356),
(6,357),
(7,358),
(8,359),
(9,360),
(10,361),
(11,362),
(12,363),
(13,364),
(14,365),
(15,366),
(16,367),
(17,368),
(18,369),
(19,370),
(20,371),
(21,372),
(22,373),
(23,374),
(24,375),
(25,376),
(1,377),
(2,378),
(3,379),
(4,380),
(5,381),
(6,382),
(7,383),
(8,384),
(9,385),
(10,386),
(11,387),
(12,388),
(13,389),
(14,390),
(15,391),
(16,392),
(17,393),
(18,394),
(19,395),
(20,396),
(21,397),
(22,398),
(23,399),
(24,400),
(25,401),
(1,402),
(2,403),
(3,404),
(4,405),
(5,406),
(6,407),
(7,408),
(8,409),
(9,410),
(10,411),
(11,412),
(12,413),
(13,414),
(14,415),
(15,416),
(16,417),
(17,418),
(18,419),
(19,420),
(20,421),
(21,422),
(22,423),
(23,424),
(24,425),
(25,426),
(1,427),
(2,428),
(3,429),
(4,430),
(5,431),
(6,432),
(7,433),
(8,434),
(9,435),
(10,436),
(11,437),
(12,438),
(13,439),
(14,440),
(15,441),
(16,442),
(17,443),
(18,444),
(19,445),
(20,446),
(21,447),
(22,448),
(23,449),
(24,450),
(25,451),
(1,452),
(2,453),
(3,454),
(4,455),
(5,456),
(6,457),
(7,458),
(8,459),
(9,460),
(10,461),
(11,462),
(12,463),
(13,464),
(14,465),
(15,466),
(16,467),
(17,468),
(18,469),
(19,470),
(20,471),
(21,472),
(22,473),
(23,474),
(24,475),
(25,476),
(1,477),
(2,478),
(3,479),
(4,480),
(5,481),
(6,482),
(7,483),
(8,484),
(9,485),
(10,486),
(11,487),
(12,488),
(13,489),
(14,490),
(15,491),
(16,492),
(17,493),
(18,494),
(19,495),
(20,496),
(21,497),
(22,498),
(23,499),
(24,500),
(25,501),
(1,502),
(2,503),
(3,504),
(4,505),
(5,506),
(6,507),
(7,508),
(8,509),
(9,510),
(10,511),
(11,512),
(12,513),
(13,514),
(14,515),
(15,516),
(16,517),
(17,518),
(18,519),
(19,520),
(20,521),
(21,522),
(22,523),
(23,524),
(24,525),
(25,526),
(1,527),
(2,528),
(3,529),
(4,530),
(5,531),
(6,532),
(7,533),
(8,534),
(9,535),
(10,536),
(11,537),
(12,538),
(13,539),
(14,540),
(15,541),
(16,542),
(17,543),
(18,544),
(19,545),
(20,546),
(21,547),
(22,548),
(23,549),
(24,550),
(25,1),
(1,551),
(2,552),
(3,553),
(4,554),
(5,555),
(6,556),
(7,557),
(8,558),
(9,559),
(10,560),
(11,561),
(12,562),
(13,563),
(14,564),
(15,565),
(16,566),
(17,567),
(18,568),
(19,569),
(20,570),
(21,571),
(22,572),
(23,573),
(24,574),
(25,575),
(1,576),
(2,577),
(3,578),
(4,579),
(5,580),
(6,581),
(7,582),
(8,583),
(9,584),
(10,585),
(11,586),
(12,587),
(13,588),
(14,589),
(15,590),
(16,591),
(17,592),
(18,593),
(19,594),
(20,595),
(21,596),
(22,597),
(23,598),
(24,599),
(25,600),
(1,601),
(2,602),
(3,603),
(4,604),
(5,605),
(6,606),
(7,607),
(8,608),
(9,609),
(10,610),
(11,611),
(12,612),
(13,613),
(14,614),
(15,615),
(16,616),
(17,617),
(18,618),
(19,619),
(20,620),
(21,621),
(22,622),
(23,623),
(24,624),
(25,625),
(1,626),
(2,627),
(3,628),
(4,629),
(5,630),
(6,631),
(7,632),
(8,633),
(9,634),
(10,635),
(11,636),
(12,637),
(13,638),
(14,639),
(15,640),
(16,641),
(17,642),
(18,643),
(19,644),
(20,645),
(21,646),
(22,647),
(23,648),
(24,649),
(25,650),
(1,651),
(2,652),
(3,653),
(4,654),
(5,655),
(6,656),
(7,657),
(8,658),
(9,659),
(10,660),
(11,661),
(12,662),
(13,663),
(14,664),
(15,665),
(16,666),
(17,667),
(18,668),
(19,669),
(20,670),
(21,671),
(22,672),
(23,673),
(24,674),
(25,675),
(1,676),
(2,677),
(3,678),
(4,679),
(5,680),
(6,681),
(7,682),
(8,683),
(9,684),
(10,685),
(11,686),
(12,687),
(13,688),
(14,689),
(15,690),
(16,691),
(17,692),
(18,693),
(19,694),
(20,695),
(21,696),
(22,697),
(23,698),
(24,699),
(25,700),
(1,701),
(2,702),
(3,703),
(4,704),
(5,705),
(6,706),
(7,707),
(8,708),
(9,709),
(10,710),
(11,711),
(12,712),
(13,713),
(14,714),
(15,715),
(16,716),
(17,717),
(18,718),
(19,719),
(20,720),
(21,721),
(22,722),
(23,723),
(24,724),
(25,725),
(1,726),
(2,727),
(3,728),
(4,729),
(5,730),
(6,731),
(7,732),
(8,733),
(9,734),
(10,735),
(11,736),
(12,737),
(13,738),
(14,739),
(15,740),
(16,741),
(17,742),
(18,743),
(19,744),
(20,745),
(21,746),
(22,747),
(23,748),
(24,749),
(25,750),
(1,751),
(2,752),
(3,753),
(4,754),
(5,755),
(6,756),
(7,757),
(8,758),
(9,759),
(10,760),
(11,761),
(12,762),
(13,763),
(14,764),
(15,765),
(16,766),
(17,767),
(18,768),
(19,769),
(20,770),
(21,771),
(22,772),
(23,773),
(24,774),
(25,775),
(1,776),
(2,777),
(3,778),
(4,779),
(5,780),
(6,781),
(7,782),
(8,783),
(9,784),
(10,785),
(11,786),
(12,787),
(13,788),
(14,789),
(15,790),
(16,791),
(17,792),
(18,793),
(19,794),
(20,795),
(21,796),
(22,797),
(23,798),
(24,799),
(25,800),
(1,801),
(2,802),
(3,803),
(4,804),
(5,805),
(6,806),
(7,807),
(8,808),
(9,809),
(10,810),
(11,811),
(12,812),
(13,813),
(14,814),
(15,815),
(16,816),
(17,817),
(18,818),
(19,819),
(20,820),
(21,821),
(22,822),
(23,823),
(24,824),
(25,825),
(1,826),
(2,827),
(3,828),
(4,829),
(5,830),
(6,831),
(7,832),
(8,833),
(9,834),
(10,835),
(11,836),
(12,837),
(13,838),
(14,839),
(15,840),
(16,841),
(17,842),
(18,843),
(19,844),
(20,845),
(21,846),
(22,847),
(23,848),
(24,849),
(25,850),
(1,851),
(2,852),
(3,853),
(4,854),
(5,855),
(6,856),
(7,857),
(8,858),
(9,859),
(10,860),
(11,861),
(12,862),
(13,863),
(14,864),
(15,865),
(16,866),
(17,867),
(18,868),
(19,869),
(20,870),
(21,871),
(22,872),
(23,873),
(24,874),
(25,875),
(1,876),
(2,877),
(3,878),
(4,879),
(5,880),
(6,881),
(7,882),
(8,883),
(9,884),
(10,885),
(11,886),
(12,887),
(13,888),
(14,889),
(15,890),
(16,891),
(17,892),
(18,893),
(19,894),
(20,895),
(21,896),
(22,897),
(23,898),
(24,899),
(25,900),
(1,901),
(2,902),
(3,903),
(4,904),
(5,905),
(6,906),
(7,907),
(8,908),
(9,909),
(10,910),
(11,911),
(12,912),
(13,913),
(14,914),
(15,915),
(16,916),
(17,917),
(18,918),
(19,919),
(20,920),
(21,921),
(22,922),
(23,923),
(24,924),
(25,925),
(1,926),
(2,927),
(3,928),
(4,929),
(5,930),
(6,931),
(7,932),
(8,933),
(9,934),
(10,935),
(11,936),
(12,937),
(13,938),
(14,939),
(15,940),
(16,941),
(17,942),
(18,943),
(19,944),
(20,945),
(21,946),
(22,947),
(23,948),
(24,949),
(25,950);